0 0.706055 0.267532 0.050781 0.135065
0 0.310547 0.083117 0.054688 0.145455
0 0.588379 0.136364 0.053711 0.142857
0 0.161133 0.088312 0.056641 0.150649
0 0.654785 0.229870 0.055664 0.148052
0 0.245605 0.240260 0.057617 0.153247
0 0.529785 0.289610 0.057617 0.153247
0 0.856445 0.303896 0.066406 0.176623
0 0.603027 0.320779 0.065430 0.174026
0 0.583496 0.622078 0.069336 0.184416
0 0.342285 0.679221 0.063477 0.168831
0 0.374512 0.193506 0.063477 0.168831
0 0.455566 0.705195 0.069336 0.184416
0 0.239258 0.714286 0.064453 0.171429
0 0.707031 0.485714 0.070312 0.187013
0 0.680176 0.783117 0.079102 0.210390
