0 0.413086 0.207483 0.039062 0.068027
0 0.145020 0.225340 0.041992 0.073129
0 0.596680 0.226190 0.035156 0.061224
0 0.293457 0.233844 0.045898 0.079932
0 0.640625 0.229592 0.041016 0.071429
0 0.799316 0.230442 0.034180 0.059524
0 0.701660 0.235544 0.036133 0.062925
0 0.475098 0.240646 0.043945 0.076531
0 0.232910 0.250850 0.040039 0.069728
0 0.357422 0.250000 0.039062 0.068027
0 0.924316 0.259354 0.038086 0.066327
0 0.088867 0.277211 0.042969 0.074830
0 0.832031 0.318027 0.037109 0.064626
0 0.428711 0.420068 0.042969 0.074830
0 0.869629 0.514456 0.040039 0.069728
0 0.313965 0.548469 0.041992 0.073129
0 0.528320 0.200680 0.037109 0.064626
0 0.651855 0.410714 0.041992 0.073129
0 0.768066 0.517857 0.043945 0.076531
0 0.547852 0.416667 0.044922 0.078231
0 0.199219 0.537415 0.054688 0.095238
