0 0.550781 0.310395 0.035156 0.052709
0 0.698730 0.315520 0.041992 0.062958
0 0.470703 0.319180 0.041016 0.061493
0 0.755859 0.323572 0.044922 0.067350
0 0.312500 0.325037 0.044922 0.067350
0 0.414551 0.325769 0.034180 0.051245
0 0.176270 0.327233 0.041992 0.062958
0 0.591309 0.333089 0.043945 0.065886
0 0.645508 0.344070 0.035156 0.052709
0 0.441406 0.380673 0.042969 0.064422
0 0.551758 0.468521 0.044922 0.067350
0 0.637207 0.491215 0.043945 0.065886
0 0.310547 0.506589 0.044922 0.067350
0 0.476562 0.582723 0.046875 0.070278
0 0.243652 0.290630 0.043945 0.065886
0 0.515625 0.336750 0.050781 0.076135
0 0.395996 0.495608 0.045898 0.068814
0 0.836426 0.315520 0.051758 0.077599
0 0.100586 0.346999 0.050781 0.076135
0 0.719238 0.579063 0.049805 0.074671
0 0.204102 0.594436 0.054688 0.081991
