0 0.416992 0.260032 0.044922 0.073836
0 0.315430 0.226324 0.050781 0.083467
0 0.236328 0.174960 0.052734 0.086677
0 0.701172 0.324238 0.050781 0.083467
0 0.300781 0.349920 0.052734 0.086677
0 0.498047 0.431782 0.052734 0.086677
0 0.826660 0.153291 0.057617 0.094703
0 0.539551 0.262440 0.047852 0.078652
0 0.392578 0.431782 0.056641 0.093098
0 0.620605 0.429374 0.053711 0.088283
0 0.841309 0.739165 0.049805 0.081862
0 0.892090 0.814607 0.053711 0.088283
0 0.210938 0.457464 0.074219 0.121990
0 0.685059 0.209470 0.202148 0.332263
