0 0.699219 0.283802 0.042969 0.058902
0 0.493652 0.287149 0.043945 0.060241
0 0.757812 0.310576 0.042969 0.058902
0 0.890137 0.312584 0.043945 0.060241
0 0.802734 0.325301 0.037109 0.050870
0 0.573730 0.329987 0.045898 0.062918
0 0.850098 0.336680 0.047852 0.065596
0 0.312988 0.350067 0.040039 0.054886
0 0.163086 0.378849 0.042969 0.058902
0 0.906250 0.459170 0.041016 0.056225
0 0.706055 0.546185 0.048828 0.066934
0 0.229980 0.308568 0.041992 0.057564
0 0.376465 0.304552 0.045898 0.062918
0 0.628418 0.323293 0.047852 0.065596
0 0.123047 0.357430 0.044922 0.061580
0 0.257324 0.500000 0.047852 0.065596
0 0.589844 0.519411 0.052734 0.072289
0 0.809570 0.556894 0.048828 0.066934
0 0.464844 0.467202 0.050781 0.069612
0 0.450684 0.320616 0.047852 0.065596
0 0.353516 0.511379 0.054688 0.074967
0 0.261230 0.703481 0.088867 0.121821
0 0.401367 0.540830 0.101562 0.139224
0 0.262695 0.623829 0.087891 0.120482
