0 0.795898 0.279948 0.041016 0.054688
0 0.216309 0.267578 0.049805 0.066406
0 0.394531 0.406250 0.050781 0.067708
0 0.532715 0.447266 0.043945 0.058594
0 0.325684 0.327474 0.049805 0.066406
0 0.341797 0.432292 0.050781 0.067708
0 0.100098 0.255859 0.047852 0.063802
0 0.951172 0.527344 0.050781 0.067708
0 0.438477 0.537760 0.054688 0.072917
0 0.843262 0.280599 0.049805 0.066406
0 0.260254 0.501953 0.053711 0.071615
0 0.600586 0.526042 0.070312 0.093750
0 0.632812 0.899740 0.087891 0.117188
0 0.864258 0.451823 0.082031 0.109375
