0 0.642578 0.040996 0.035156 0.052709
0 0.271484 0.237189 0.056641 0.084919
0 0.563477 0.247438 0.052734 0.079063
0 0.210938 0.257687 0.060547 0.090776
0 0.310059 0.877745 0.051758 0.077599
0 0.746094 0.178624 0.056641 0.084919
0 0.411133 0.219619 0.054688 0.081991
0 0.479004 0.299414 0.055664 0.083455
0 0.808105 0.227672 0.061523 0.092240
0 0.658691 0.248170 0.063477 0.095168
0 0.355957 0.275988 0.059570 0.089312
0 0.127930 0.713031 0.052734 0.079063
0 0.227539 0.816984 0.056641 0.084919
0 0.225098 0.498536 0.069336 0.103953
0 0.317871 0.724012 0.086914 0.130307
0 0.476562 0.530015 0.107422 0.161054
0 0.476074 0.494143 0.176758 0.265007
