0 0.182129 0.101386 0.040039 0.071057
0 0.517578 0.140381 0.037109 0.065858
0 0.789551 0.175910 0.045898 0.081456
0 0.223145 0.220971 0.045898 0.081456
0 0.616699 0.215771 0.053711 0.095321
0 0.193848 0.390815 0.045898 0.081456
0 0.466309 0.446274 0.040039 0.071057
0 0.125488 0.163778 0.047852 0.084922
0 0.706543 0.194974 0.053711 0.095321
0 0.555176 0.231369 0.047852 0.084922
0 0.397949 0.390815 0.055664 0.098787
0 0.263184 0.486135 0.049805 0.088388
0 0.091797 0.079723 0.050781 0.090121
0 0.666016 0.142114 0.050781 0.090121
0 0.526367 0.481802 0.044922 0.079723
0 0.148926 0.266031 0.055664 0.098787
0 0.277832 0.307626 0.049805 0.088388
0 0.512207 0.791161 0.051758 0.091854
