0 0.372559 0.559245 0.053711 0.071615
0 0.406250 0.326823 0.046875 0.062500
0 0.501465 0.356120 0.053711 0.071615
0 0.792969 0.401042 0.050781 0.067708
0 0.725586 0.417969 0.050781 0.067708
0 0.277832 0.413411 0.049805 0.066406
0 0.381348 0.422526 0.049805 0.066406
0 0.313477 0.332031 0.052734 0.070312
0 0.205566 0.332682 0.051758 0.069010
0 0.884277 0.412109 0.055664 0.074219
0 0.514160 0.543620 0.053711 0.071615
0 0.660645 0.552734 0.053711 0.071615
0 0.132324 0.326172 0.049805 0.066406
0 0.687500 0.328125 0.052734 0.070312
0 0.603516 0.375000 0.052734 0.070312
0 0.247070 0.148438 0.052734 0.070312
0 0.820312 0.348958 0.050781 0.067708
