0 0.557129 0.285807 0.032227 0.042969
0 0.361816 0.319661 0.036133 0.048177
0 0.789551 0.323568 0.034180 0.045573
0 0.412598 0.331380 0.036133 0.048177
0 0.097168 0.339193 0.034180 0.045573
0 0.853027 0.352214 0.041992 0.055990
0 0.924805 0.359375 0.033203 0.044271
0 0.054688 0.369792 0.033203 0.044271
0 0.173340 0.370443 0.041992 0.055990
0 0.676758 0.444010 0.035156 0.046875
0 0.656250 0.524740 0.035156 0.046875
0 0.870605 0.527995 0.034180 0.045573
0 0.964844 0.532552 0.039062 0.052083
0 0.253418 0.548828 0.038086 0.050781
0 0.037598 0.594401 0.036133 0.048177
0 0.489258 0.501302 0.044922 0.059896
0 0.147949 0.573568 0.045898 0.061198
0 0.554199 0.538411 0.061523 0.082031
