0 0.631836 0.365059 0.033203 0.044329
0 0.426758 0.389831 0.035156 0.046936
0 0.519531 0.392438 0.039062 0.052151
0 0.607910 0.400913 0.034180 0.045632
0 0.353516 0.402868 0.033203 0.044329
0 0.649414 0.440678 0.035156 0.046936
0 0.563965 0.440026 0.032227 0.043025
0 0.436523 0.452412 0.033203 0.044329
0 0.517090 0.460887 0.032227 0.043025
0 0.211426 0.463494 0.034180 0.045632
0 0.396484 0.466754 0.033203 0.044329
0 0.690430 0.479791 0.035156 0.046936
0 0.624512 0.484355 0.034180 0.045632
0 0.268555 0.501956 0.041016 0.054759
0 0.332031 0.498044 0.037109 0.049544
0 0.546875 0.501956 0.035156 0.046936
