0 0.781738 0.864170 0.041992 0.063142
0 0.793457 0.930250 0.040039 0.060206
0 0.271973 0.225404 0.065430 0.098385
0 0.115723 0.219530 0.077148 0.116006
0 0.394531 0.258443 0.068359 0.102790
0 0.681152 0.538179 0.071289 0.107195
0 0.781250 0.180617 0.062500 0.093979
0 0.553711 0.196769 0.056641 0.085169
0 0.694336 0.232012 0.070312 0.105727
0 0.918945 0.261380 0.066406 0.099853
0 0.114258 0.506608 0.078125 0.117474
0 0.575195 0.618209 0.070312 0.105727
0 0.313965 0.554332 0.077148 0.116006
0 0.869629 0.563142 0.092773 0.139501
0 0.574219 0.693098 0.130859 0.196769
0 0.262695 0.234949 0.246094 0.370044
