0 0.572754 0.206924 0.034180 0.056361
0 0.716309 0.250403 0.032227 0.053140
0 0.172852 0.259259 0.033203 0.054750
0 0.404297 0.264090 0.035156 0.057971
0 0.755859 0.272142 0.033203 0.054750
0 0.368164 0.280193 0.035156 0.057971
0 0.580566 0.274557 0.034180 0.056361
0 0.083984 0.281804 0.041016 0.067633
0 0.332031 0.276973 0.035156 0.057971
0 0.448242 0.285024 0.033203 0.054750
0 0.495117 0.286634 0.035156 0.057971
0 0.123047 0.307568 0.037109 0.061192
0 0.713379 0.306763 0.034180 0.056361
0 0.200684 0.313205 0.036133 0.059581
0 0.028809 0.319646 0.038086 0.062802
0 0.597656 0.325282 0.033203 0.054750
0 0.461914 0.331723 0.035156 0.057971
0 0.514160 0.335749 0.032227 0.053140
0 0.669434 0.337359 0.034180 0.056361
0 0.370605 0.337359 0.034180 0.056361
0 0.559082 0.342190 0.036133 0.059581
0 0.892090 0.338969 0.036133 0.059581
0 0.276367 0.341385 0.035156 0.057971
0 0.817871 0.347021 0.036133 0.059581
0 0.232422 0.357488 0.039062 0.064412
0 0.691895 0.379227 0.034180 0.056361
0 0.747559 0.390499 0.036133 0.059581
0 0.303711 0.462158 0.035156 0.057971
0 0.471680 0.526570 0.037109 0.061192
0 0.343750 0.529791 0.035156 0.057971
0 0.854004 0.556361 0.040039 0.066023
0 0.530273 0.582931 0.035156 0.057971
0 0.961914 0.584541 0.041016 0.067633
0 0.712402 0.595008 0.034180 0.056361
0 0.210449 0.607890 0.041992 0.069243
0 0.597656 0.610306 0.035156 0.057971
0 0.400879 0.620773 0.036133 0.059581
0 0.652832 0.622383 0.036133 0.059581
0 0.314453 0.642512 0.035156 0.057971
0 0.450195 0.661836 0.037109 0.061192
