0 0.252930 0.216691 0.044922 0.067350
0 0.345703 0.221083 0.044922 0.067350
0 0.621582 0.220351 0.047852 0.071742
0 0.422852 0.234261 0.042969 0.064422
0 0.714844 0.240117 0.048828 0.073206
0 0.833496 0.254026 0.041992 0.062958
0 0.541016 0.279649 0.046875 0.070278
0 0.631348 0.283309 0.047852 0.071742
0 0.760742 0.307467 0.046875 0.070278
0 0.369629 0.327233 0.034180 0.051245
0 0.645996 0.480966 0.041992 0.062958
0 0.563965 0.485359 0.043945 0.065886
0 0.100098 0.526354 0.047852 0.071742
0 0.631836 0.595900 0.042969 0.064422
0 0.456055 0.278184 0.048828 0.073206
0 0.207031 0.279649 0.052734 0.079063
0 0.863770 0.338946 0.051758 0.077599
0 0.450195 0.387994 0.046875 0.070278
0 0.159668 0.684480 0.041992 0.062958
0 0.126465 0.189605 0.053711 0.080527
0 0.254395 0.355051 0.051758 0.077599
