0 0.746094 0.332031 0.046875 0.062500
0 0.675293 0.362630 0.049805 0.066406
0 0.776855 0.374349 0.041992 0.055990
0 0.510254 0.395182 0.047852 0.063802
0 0.250000 0.415365 0.041016 0.054688
0 0.200684 0.340495 0.053711 0.071615
0 0.930176 0.341797 0.055664 0.074219
0 0.630859 0.384115 0.054688 0.072917
0 0.369629 0.373047 0.051758 0.069010
0 0.143066 0.445964 0.059570 0.079427
0 0.426758 0.498698 0.054688 0.072917
0 0.151855 0.356120 0.061523 0.082031
0 0.443359 0.369792 0.058594 0.078125
0 0.285645 0.458984 0.057617 0.076823
0 0.732910 0.496745 0.053711 0.071615
0 0.610352 0.593750 0.052734 0.070312
0 0.915039 0.707031 0.048828 0.065104
0 0.773438 0.315104 0.052734 0.070312
0 0.240723 0.728516 0.147461 0.196615
