0 0.373047 0.125163 0.054688 0.073012
0 0.509766 0.139505 0.052734 0.070404
0 0.582520 0.420469 0.055664 0.074316
0 0.456055 0.435463 0.052734 0.070404
0 0.605957 0.531291 0.057617 0.076923
0 0.802734 0.166884 0.056641 0.075619
0 0.118652 0.174055 0.057617 0.076923
0 0.662109 0.189048 0.054688 0.073012
0 0.235840 0.240548 0.053711 0.071708
0 0.768066 0.335724 0.057617 0.076923
0 0.126953 0.370274 0.058594 0.078227
0 0.327148 0.418514 0.060547 0.080834
0 0.953613 0.647327 0.061523 0.082138
0 0.464844 0.564537 0.148438 0.198175
