0 0.290527 0.076867 0.053711 0.080527
0 0.763672 0.455344 0.056641 0.084919
0 0.191406 0.553441 0.050781 0.076135
0 0.793945 0.121523 0.056641 0.084919
0 0.663086 0.226940 0.062500 0.093704
0 0.074219 0.241581 0.060547 0.090776
0 0.549805 0.281113 0.048828 0.073206
0 0.502441 0.289165 0.063477 0.095168
0 0.166504 0.371157 0.053711 0.080527
0 0.892578 0.496340 0.058594 0.087848
0 0.613281 0.509517 0.052734 0.079063
0 0.195801 0.683016 0.063477 0.095168
0 0.333008 0.278184 0.056641 0.084919
0 0.192871 0.494143 0.067383 0.101025
0 0.332520 0.529283 0.077148 0.115666
0 0.483887 0.523426 0.075195 0.112738
0 0.731445 0.531479 0.072266 0.108346
0 0.034180 0.594436 0.064453 0.096633
0 0.810547 0.121523 0.082031 0.122987
0 0.631348 0.642020 0.084961 0.127379
0 0.775879 0.784041 0.092773 0.139092
