0 0.219238 0.408333 0.047852 0.054444
0 0.665527 0.289444 0.053711 0.061111
0 0.379883 0.368889 0.050781 0.057778
0 0.591309 0.693889 0.049805 0.056667
0 0.530762 0.172778 0.057617 0.065556
0 0.043457 0.226111 0.053711 0.061111
0 0.897949 0.460556 0.067383 0.076667
0 0.617188 0.510000 0.070312 0.080000
0 0.249512 0.620556 0.057617 0.065556
0 0.504395 0.503889 0.075195 0.085556
0 0.328125 0.531111 0.062500 0.071111
0 0.225098 0.768333 0.063477 0.072222
0 0.757324 0.465000 0.071289 0.081111
0 0.167969 0.535556 0.078125 0.088889
