0 0.185547 0.264323 0.037109 0.049479
0 0.401855 0.263672 0.038086 0.050781
0 0.790039 0.273438 0.041016 0.054688
0 0.698242 0.277344 0.037109 0.049479
0 0.491699 0.294922 0.041992 0.055990
0 0.650879 0.309245 0.036133 0.048177
0 0.391113 0.318359 0.036133 0.048177
0 0.583984 0.319010 0.033203 0.044271
0 0.362305 0.330729 0.037109 0.049479
0 0.740723 0.350911 0.038086 0.050781
0 0.836914 0.354167 0.035156 0.046875
0 0.678223 0.360026 0.034180 0.045573
0 0.772949 0.378255 0.036133 0.048177
0 0.561523 0.381510 0.035156 0.046875
0 0.470215 0.419922 0.036133 0.048177
0 0.392090 0.432943 0.040039 0.053385
0 0.247070 0.463542 0.035156 0.046875
0 0.552246 0.492839 0.034180 0.045573
0 0.650391 0.494792 0.037109 0.049479
0 0.225586 0.335938 0.046875 0.062500
0 0.149902 0.538411 0.043945 0.058594
