0 0.332031 0.398438 0.039062 0.052083
0 0.180176 0.413411 0.038086 0.050781
0 0.472656 0.438802 0.035156 0.046875
0 0.364746 0.456380 0.036133 0.048177
0 0.103516 0.458333 0.041016 0.054688
0 0.633789 0.463542 0.035156 0.046875
0 0.741699 0.530599 0.038086 0.050781
0 0.461426 0.543620 0.041992 0.055990
0 0.789551 0.561849 0.040039 0.053385
0 0.599121 0.565755 0.045898 0.061198
0 0.360352 0.611979 0.046875 0.062500
0 0.229980 0.464193 0.038086 0.050781
0 0.697754 0.551432 0.043945 0.058594
0 0.891602 0.459635 0.044922 0.059896
0 0.137207 0.414714 0.049805 0.066406
0 0.557129 0.518880 0.047852 0.063802
0 0.556152 0.494141 0.094727 0.126302
