0 0.706055 0.302667 0.035156 0.048000
0 0.809082 0.327333 0.040039 0.054667
0 0.146484 0.340000 0.044922 0.061333
0 0.890137 0.338000 0.040039 0.054667
0 0.399414 0.344000 0.037109 0.050667
0 0.571777 0.342000 0.034180 0.046667
0 0.463867 0.360000 0.033203 0.045333
0 0.750977 0.364000 0.035156 0.048000
0 0.327637 0.386000 0.036133 0.049333
0 0.390137 0.467333 0.036133 0.049333
0 0.576172 0.485333 0.037109 0.050667
0 0.578613 0.678000 0.036133 0.049333
0 0.468262 0.707333 0.036133 0.049333
0 0.155273 0.768000 0.042969 0.058667
0 0.070312 0.400000 0.042969 0.058667
0 0.294434 0.738000 0.051758 0.070667
0 0.192383 0.445333 0.060547 0.082667
0 0.429199 0.339333 0.129883 0.177333
