0 0.454590 0.148609 0.032227 0.048316
0 0.546387 0.170571 0.036133 0.054173
0 0.765625 0.175695 0.037109 0.055637
0 0.351562 0.175695 0.035156 0.052709
0 0.637207 0.176428 0.036133 0.054173
0 0.257812 0.187408 0.039062 0.058565
0 0.119141 0.191801 0.041016 0.061493
0 0.394531 0.194729 0.037109 0.055637
0 0.595703 0.194729 0.037109 0.055637
0 0.222168 0.199854 0.040039 0.060029
0 0.304199 0.199854 0.038086 0.057101
0 0.814453 0.200586 0.037109 0.055637
0 0.712402 0.207174 0.043945 0.065886
0 0.500977 0.207906 0.035156 0.052709
0 0.482422 0.346999 0.039062 0.058565
0 0.350586 0.345534 0.041016 0.061493
0 0.787109 0.346999 0.044922 0.067350
0 0.683105 0.352123 0.040039 0.060029
0 0.223633 0.367496 0.048828 0.073206
0 0.572754 0.369693 0.043945 0.065886
0 0.454102 0.513909 0.058594 0.087848
