0 0.876465 0.116088 0.036133 0.067642
0 0.806152 0.132541 0.036133 0.067642
0 0.676270 0.136197 0.036133 0.067642
0 0.727539 0.151737 0.033203 0.062157
0 0.611328 0.164534 0.035156 0.065814
0 0.167480 0.170932 0.034180 0.063985
0 0.289062 0.175503 0.037109 0.069470
0 0.415039 0.186472 0.037109 0.069470
0 0.118164 0.210238 0.035156 0.065814
0 0.531738 0.216636 0.036133 0.067642
0 0.388672 0.223035 0.037109 0.069470
0 0.477539 0.246801 0.035156 0.065814
0 0.209473 0.255027 0.038086 0.071298
0 0.613770 0.393967 0.036133 0.067642
0 0.835449 0.397623 0.038086 0.071298
0 0.263184 0.408592 0.038086 0.071298
0 0.359375 0.411335 0.039062 0.073126
0 0.212891 0.449726 0.041016 0.076782
0 0.679199 0.567642 0.034180 0.063985
0 0.609863 0.702925 0.034180 0.063985
