0 0.298340 0.239480 0.036133 0.045792
0 0.365234 0.242574 0.037109 0.047030
0 0.454102 0.241337 0.037109 0.047030
0 0.229004 0.248144 0.036133 0.045792
0 0.551758 0.248762 0.037109 0.047030
0 0.622070 0.262376 0.035156 0.044554
0 0.689941 0.271658 0.036133 0.045792
0 0.451172 0.319307 0.041016 0.051980
0 0.515625 0.321782 0.039062 0.049505
0 0.161133 0.325495 0.041016 0.051980
0 0.598145 0.327351 0.040039 0.050743
0 0.258301 0.328589 0.038086 0.048267
0 0.673828 0.332921 0.037109 0.047030
0 0.766113 0.343441 0.038086 0.048267
0 0.851562 0.534653 0.048828 0.061881
0 0.447754 0.540223 0.051758 0.065594
0 0.563965 0.568688 0.036133 0.045792
0 0.364258 0.321782 0.044922 0.056931
0 0.068848 0.411510 0.051758 0.065594
0 0.177246 0.522896 0.043945 0.055693
0 0.321777 0.536510 0.045898 0.058168
0 0.564453 0.529703 0.048828 0.061881
0 0.874023 0.405941 0.054688 0.069307
0 0.705566 0.524134 0.047852 0.060644
0 0.765137 0.845916 0.051758 0.065594
0 0.416504 0.852104 0.053711 0.068069
0 0.872070 0.397277 0.222656 0.282178
