0 0.473145 0.203956 0.055664 0.077763
0 0.577148 0.281037 0.052734 0.073670
0 0.507324 0.373124 0.057617 0.080491
0 0.188477 0.227831 0.056641 0.079127
0 0.316895 0.313097 0.057617 0.080491
0 0.620117 0.390177 0.054688 0.076398
0 0.785156 0.428377 0.054688 0.076398
0 0.713379 0.434516 0.055664 0.077763
0 0.306152 0.453615 0.055664 0.077763
0 0.412109 0.517053 0.054688 0.076398
0 0.650879 0.553206 0.055664 0.077763
0 0.807129 0.235334 0.055664 0.077763
0 0.686523 0.272851 0.056641 0.079127
0 0.390625 0.371078 0.060547 0.084584
0 0.522461 0.508868 0.064453 0.090041
0 0.210449 0.423602 0.055664 0.077763
0 0.134277 0.715553 0.053711 0.075034
0 0.309082 0.569577 0.096680 0.135061
0 0.411133 0.639836 0.093750 0.130969
